(743, 151, 112193, 111300, 65537, 50573, 0.8326437480859987)
(619, 101, 62519, 61800, 257, 58193, 2863.3268560188217)
(647, 229, 148163, 147288, 65537, 123497, 2.1059166683988293)
(433, 647, 280151, 279072, 65537, 239777, 4.065557621829299)
(359, 661, 237299, 236280, 65537, 149753, 2.560572562358267)
(137, 131, 17947, 17680, 257, 6673, 331.1648056718508)
(857, 251, 215107, 214000, 65537, 45473, 0.7481066672897564)
(283, 641, 181403, 180480, 65537, 105473, 1.8364596192441833)
(107, 827, 88489, 87556, 65537, 77285, 1.2855820346977316)
(751, 421, 316171, 315000, 65537, 48473, 0.7988416438917797)
(569, 617, 351073, 349888, 65537, 147201, 2.5378996299046155)
(229, 727, 166483, 165528, 65537, 104345, 1.796355060014696)
(29, 223, 6467, 6216, 257, 2201, 106.99832631868999)
(283, 457, 129331, 128592, 65537, 40049, 0.6580808686887447)
(683, 823, 562109, 560604, 65537, 431045, 7.209483594289314)
(293, 829, 242897, 241776, 65537, 183041, 3.111549513474042)
(829, 83, 68807, 67896, 65537, 63809, 1.053229622802028)
(761, 151, 114911, 114000, 65537, 87473, 1.4926020202553372)
(643, 191, 122813, 121980, 65537, 13373, 0.2136511382087551)
(881, 101, 88981, 88000, 65537, 1473, 0.02211015788168354)
(109, 829, 90361, 89424, 65537, 60497, 1.0164047629851478)
(97, 307, 29779, 29376, 257, 6401, 315.7929618108079)
(523, 317, 165791, 164952, 65537, 156329, 2.732425248660357)
(397, 137, 54389, 53856, 257, 25985, 1278.2034663229447)
(61, 569, 34709, 34080, 257, 3713, 172.36579599571127)
(157, 179, 28103, 27768, 257, 11561, 579.8612786797952)
(883, 857, 756731, 754992, 65537, 718289, 11.66582540617657)
(953, 311, 296383, 295120, 65537, 118193, 2.0459889240750044)
(911, 233, 212263, 211120, 65537, 125473, 2.173200815896574)
(827, 977, 807979, 806176, 65537, 584449, 9.645387706916802)
(613, 67, 41071, 40392, 257, 39449, 1877.0340822572482)
(317, 227, 71959, 71416, 65537, 11601, 0.18669797643642355)
(157, 137, 21509, 21216, 257, 3137, 152.3451219645707)
(199, 239, 47561, 47124, 257, 19253, 926.1553378668257)
(263, 443, 116509, 115804, 65537, 43053, 0.7080881148415723)
(941, 373, 350993, 349680, 65537, 252113, 4.24496709992031)
(193, 617, 119081, 118272, 65537, 48641, 0.7995261640900699)
(59, 823, 48557, 47676, 257, 9461, 454.00718154604)
(317, 433, 137261, 136512, 65537, 93761, 1.5946038424482338)
(521, 751, 391271, 390000, 65537, 333473, 5.567343049511967)
(883, 683, 603089, 601524, 65537, 480149, 7.952898762430964)
(683, 467, 318961, 317812, 65537, 23209, 0.37793434673182896)
(233, 53, 12349, 12064, 257, 5633, 276.28522528417056)
(661, 101, 66761, 66000, 65537, 45473, 0.7425307462771082)
(587, 467, 274129, 273076, 65537, 17617, 0.2783986277502654)
(43, 457, 19651, 19152, 257, 10433, 525.6539711981227)
(47, 757, 35579, 34776, 257, 12449, 622.888686405711)
(937, 673, 630601, 628992, 65537, 489473, 8.12071223909561)
(971, 449, 435979, 434560, 65537, 36993, 0.6052957866880544)
(563, 67, 37721, 37092, 257, 7505, 366.63698382265324)
(379, 317, 120143, 119448, 65537, 76697, 1.2841334583293251)
(643, 479, 307997, 306876, 65537, 266321, 4.550698325988026)
(797, 367, 292499, 291336, 65537, 261881, 4.4353346699230825)
(593, 73, 43289, 42624, 257, 19073, 937.5541051134062)
(613, 397, 243361, 242352, 65537, 158993, 2.751637207795238)
(179, 139, 24881, 24564, 257, 17969, 874.3514266057622)
(839, 643, 539477, 537996, 65537, 485885, 8.01976531351492)
(379, 467, 176993, 176148, 65537, 50237, 0.8507841366175788)
(89, 353, 31417, 30976, 257, 2049, 98.17008778582043)
(733, 499, 365767, 364536, 65537, 112553, 1.9900999593938393)
(491, 557, 273487, 272440, 65537, 105593, 1.850118367555848)
(619, 269, 166511, 165624, 65537, 16409, 0.2762185790806875)
(997, 743, 740771, 739032, 65537, 90641, 1.6040644827145047)
(199, 83, 16517, 16236, 257, 13709, 678.1415100174461)
(79, 367, 28993, 28548, 257, 23105, 1109.438277257773)
(151, 773, 116723, 115800, 65537, 50273, 0.8298418899032536)
(113, 307, 34691, 34272, 257, 6401, 307.60255598608694)
(613, 631, 386803, 385560, 65537, 103913, 1.8064802540761793)
(331, 409, 135379, 134640, 65537, 24353, 0.3965366260572164)
(383, 997, 381851, 380472, 65537, 232073, 3.986831622662957)
(227, 419, 95113, 94468, 65537, 77593, 1.3097129258903586)
(487, 709, 345283, 344088, 65537, 77993, 1.3391886773654558)
(857, 853, 731021, 729312, 65537, 179009, 3.159328745939584)
(439, 647, 284033, 282948, 65537, 150629, 2.637704634590031)
(677, 383, 259291, 258232, 65537, 33433, 0.5452717252771104)
(887, 829, 735323, 733608, 65537, 183041, 3.104115546672907)
(37, 503, 18611, 18072, 257, 3305, 157.7699653724689)
(149, 887, 132163, 131128, 65537, 41281, 0.6689208733602298)
(457, 521, 238097, 237120, 65537, 164993, 2.857183720396274)
(211, 389, 82079, 81480, 65537, 9833, 0.15835619816183777)
(431, 383, 165073, 164260, 65537, 125113, 2.1746485773538256)
(653, 101, 65953, 65200, 257, 50993, 2496.0323390017)
(317, 911, 288787, 287560, 65537, 249233, 4.25724755429066)
(197, 419, 82543, 81928, 65537, 42481, 0.6941972940638792)
(139, 461, 64079, 63480, 257, 63233, 3163.049664080512)
(353, 853, 301109, 299904, 65537, 247169, 4.220322239844192)
(313, 317, 99221, 98592, 65537, 2753, 0.04321832375067357)
(719, 347, 249493, 248428, 65537, 181921, 3.098641076511035)
(733, 743, 544619, 543144, 65537, 304337, 5.168107637532728)
(97, 919, 89143, 88128, 65537, 48833, 0.8065385865444265)
(823, 167, 137441, 136452, 65537, 100601, 1.729778866739234)
(307, 199, 61093, 60588, 257, 59645, 2711.058735551719)
(433, 389, 168437, 167616, 65537, 161153, 2.759755048633699)
(691, 353, 243923, 242880, 65537, 103553, 1.7660038652169927)
(241, 61, 14701, 14400, 257, 1793, 73.72587299267447)
(337, 257, 86609, 86016, 65537, 16385, 0.2559004396471402)
(811, 977, 792347, 790560, 65537, 178433, 3.033884778658895)
(431, 607, 261617, 260580, 65537, 106193, 1.8386656383418774)
(853, 827, 705431, 703752, 65537, 310217, 5.206404190077208)
(809, 907, 733763, 732048, 65537, 353441, 5.906621997682725)
(197, 991, 195227, 194040, 65537, 111473, 1.915189359805351)
(463, 449, 207887, 206976, 65537, 137345, 2.389451450610899)
(173, 761, 131653, 130720, 65537, 88993, 1.4725157417131203)
(449, 643, 288707, 287616, 65537, 35201, 0.5775800308390615)
(631, 29, 18299, 17640, 257, 10433, 510.3950999657403)
(167, 547, 91349, 90636, 65537, 76697, 1.311028465257477)
(521, 53, 27613, 27040, 257, 1473, 70.47813379784593)
(443, 853, 377879, 376584, 65537, 197753, 3.39270399537991)
(71, 457, 32447, 31920, 257, 10433, 523.1888751827339)
(443, 827, 366361, 365092, 65537, 136757, 2.3816173272612895)
(479, 883, 422957, 421596, 65537, 157337, 2.764704027702241)
(193, 991, 191263, 190080, 65537, 40193, 0.6503562751882963)
(137, 883, 120971, 119952, 65537, 26801, 0.43641390246997114)
(509, 631, 321179, 320040, 65537, 292913, 5.020123705268035)
(199, 643, 127957, 127116, 65537, 101969, 1.745425944825212)
(631, 571, 360301, 359100, 65537, 338273, 5.6836204928392355)
(617, 547, 337499, 336336, 65537, 266705, 4.589953467713776)
(823, 787, 647701, 646092, 65537, 90737, 1.5557680169642853)
(647, 461, 298267, 297160, 65537, 159673, 2.7614998814815315)
(673, 331, 222763, 221760, 65537, 166913, 2.866491480628071)
(457, 827, 377939, 376656, 65537, 102065, 1.737595926958114)
(89, 757, 67373, 66528, 65537, 11681, 0.18495724984160736)
(107, 863, 92341, 91372, 65537, 55237, 0.9362547099466983)
(829, 97, 80413, 79488, 65537, 50561, 0.8243865053020196)
(193, 199, 38407, 38016, 257, 13313, 658.2281754714625)
(107, 139, 14873, 14628, 257, 2789, 134.5700503695328)
(137, 163, 22331, 22032, 257, 21089, 1039.7286799657095)
(97, 409, 39673, 39168, 257, 6401, 313.7310238620231)
(401, 829, 332429, 331200, 65537, 302273, 5.090544593915716)
(991, 571, 565861, 564300, 65537, 81773, 1.4046409906968336)
(29, 701, 20329, 19600, 257, 2593, 125.82198539086069)
(601, 197, 118397, 117600, 65537, 52673, 0.8675006148160523)
(997, 839, 836483, 834648, 65537, 712145, 11.698510065899614)
(683, 131, 89473, 88660, 65537, 85953, 1.4585430837486277)
(757, 179, 135503, 134568, 65537, 4121, 0.06322033571923523)
(79, 983, 77657, 76596, 65537, 42845, 0.692575614217021)
(151, 307, 46357, 45900, 257, 893, 42.91079000250537)
(613, 547, 335311, 334152, 65537, 155321, 2.652637661953177)
(397, 863, 342611, 341352, 65537, 84545, 1.4330404574476816)
(617, 593, 365881, 364672, 65537, 285185, 4.849861013182301)
(191, 29, 5539, 5320, 257, 5113, 243.4415575457543)
(761, 73, 55553, 54720, 257, 10433, 543.714378584491)
(89, 211, 18779, 18480, 257, 5393, 269.23767887937277)
(379, 467, 176993, 176148, 65537, 50237, 0.8407822601770695)
(113, 883, 99779, 98784, 65537, 33857, 0.5434579717519888)
(607, 883, 535981, 534492, 65537, 481913, 7.969838886442597)
(491, 467, 229297, 228340, 65537, 174193, 3.0253630593434306)
(277, 71, 19667, 19320, 257, 16313, 819.5488681236984)
(163, 229, 37327, 36936, 257, 3593, 173.89236900188627)
(433, 571, 247243, 246240, 65537, 9953, 0.15658181431276139)
(439, 409, 179551, 178704, 65537, 46385, 0.7695950415207651)
(853, 307, 261871, 260712, 65537, 81881, 1.3955946155107184)
(31, 47, 1457, 1380, 257, 1133, 54.71667860377821)
(421, 431, 181451, 180600, 65537, 44273, 0.7286860108439115)
(919, 227, 208613, 207468, 65537, 37817, 0.6068025864956856)
(643, 331, 212833, 211860, 65537, 186713, 3.2130844501984015)
(947, 997, 944159, 942216, 65537, 174305, 3.0376014158700926)
(263, 887, 233281, 232132, 65537, 43053, 0.7104491265208112)
(211, 71, 14981, 14700, 257, 7493, 370.6374380118381)
(541, 499, 269959, 268920, 65537, 22913, 0.3894688710474932)
(229, 977, 223733, 222528, 65537, 84737, 1.4852988356225825)
(797, 263, 209611, 208552, 65537, 27857, 0.45037105987815995)
(919, 523, 480637, 479196, 65537, 147977, 2.52737991878959)
(229, 151, 34579, 34200, 257, 3593, 167.2648741191884)
(179, 719, 128701, 127804, 65537, 35449, 0.5732790453625524)
(31, 421, 13051, 12600, 257, 5393, 269.7544105465044)
(811, 47, 38117, 37260, 257, 14933, 752.4118707029639)
(367, 641, 235247, 234240, 65537, 178433, 3.069976499915859)
(829, 887, 735323, 733608, 65537, 183041, 3.1043333022549646)
(643, 269, 172967, 172056, 65537, 109673, 1.876855265661229)
(97, 109, 10573, 10368, 257, 2945, 138.01982964168351)
(409, 773, 316157, 314976, 65537, 161441, 2.8202488751251744)
(41, 449, 18409, 17920, 257, 17153, 829.4765761014756)
(719, 449, 322831, 321664, 65537, 101505, 1.7629783654143065)
(877, 743, 651611, 649992, 65537, 170777, 2.937659651798334)
(937, 563, 527531, 526032, 65537, 43937, 0.74158800860302)
(563, 173, 97399, 96664, 65537, 10217, 0.16464270228440078)
(449, 503, 225847, 224896, 65537, 27137, 0.44030523054377035)
(631, 97, 61207, 60480, 257, 30593, 1426.1043753238887)
(499, 577, 287923, 286848, 65537, 22913, 0.3710247826496699)
(653, 647, 422491, 421192, 65537, 353473, 5.947878675874144)
(179, 877, 156983, 155928, 65537, 151505, 2.6281301029586386)
(179, 227, 40633, 40228, 257, 2661, 129.7602857749046)
(353, 673, 237569, 236544, 65537, 166913, 2.853765236509471)
(67, 613, 41071, 40392, 257, 39449, 1902.5274252833074)
(97, 653, 63341, 62592, 257, 27521, 1356.364629871007)
(277, 431, 119387, 118680, 65537, 64913, 1.0796912451958944)
(173, 877, 151721, 150672, 65537, 81425, 1.386477288151135)
(911, 401, 365311, 364000, 65537, 125473, 2.158237710481154)
(107, 29, 3103, 2968, 257, 1305, 63.520689471314554)
(317, 373, 118241, 117552, 65537, 48257, 0.8003943296299981)
(67, 577, 38659, 38016, 257, 13313, 663.7858379840302)
(863, 347, 299461, 298252, 65537, 41445, 0.6739632814043246)
(233, 227, 52891, 52432, 257, 13057, 678.8368875239792)
(383, 499, 191117, 190236, 65537, 41837, 0.6957360918217783)
(79, 227, 17933, 17628, 257, 11249, 553.1607887434573)
(431, 367, 158177, 157380, 65537, 21053, 0.341864050444142)
(673, 397, 267181, 266112, 65537, 78209, 1.3480811213878356)
(79, 281, 22199, 21840, 257, 8753, 420.79650532261593)
(349, 743, 259307, 258216, 65537, 117353, 2.031316608287113)
(389, 659, 256351, 255304, 65537, 75017, 1.2780309007674133)
(907, 67, 60769, 59796, 257, 29549, 1499.382427014747)
(809, 193, 156137, 155136, 65537, 91649, 1.5691187999066742)
(433, 173, 74909, 74304, 65537, 29825, 0.47684553455687445)
(727, 281, 204287, 203280, 65537, 37553, 0.6071691717697161)
(43, 751, 32293, 31500, 257, 5393, 271.77364965858436)
(881, 701, 617581, 616000, 65537, 265473, 4.520382849765092)
(631, 881, 555911, 554400, 65537, 388673, 6.488433034059042)
(773, 131, 101263, 100360, 65537, 19393, 0.3109792749285264)
(647, 839, 542833, 541348, 65537, 477505, 7.903800131648412)
(547, 283, 154801, 153972, 65537, 7901, 0.12529329776879056)
(239, 503, 120217, 119476, 65537, 48221, 0.7859321003428554)
(167, 449, 74983, 74368, 65537, 44161, 0.7130348453227671)
(449, 47, 21103, 20608, 257, 7297, 367.05181716926074)
(461, 367, 169187, 168360, 65537, 75953, 1.2836138970828253)
(269, 619, 166511, 165624, 65537, 16409, 0.2684161796894283)
(223, 353, 78719, 78144, 65537, 50753, 0.8280815793774282)
(839, 569, 477391, 475984, 65537, 189233, 3.230193220401447)
(181, 359, 64979, 64440, 257, 58673, 2910.430669139859)
(23, 163, 3749, 3564, 257, 2621, 126.84602361389959)
(569, 659, 374971, 373744, 65537, 361905, 6.001035198052131)
(103, 563, 57989, 57324, 257, 17621, 875.784136517146)
(431, 337, 145247, 144480, 65537, 116513, 1.9843982521466725)
(137, 59, 8083, 7888, 257, 7489, 363.38200759028615)
(463, 157, 72691, 72072, 65537, 50489, 0.8359509410714387)
(227, 827, 187729, 186676, 65537, 121889, 2.1030656239936008)
(503, 509, 256027, 255016, 65537, 231953, 3.9796390228063165)
(953, 151, 143903, 142800, 65537, 61073, 1.0271271080273021)
(409, 283, 115747, 115056, 65537, 80657, 1.3654079754965107)
(269, 881, 236989, 235840, 65537, 230273, 4.038051221796509)
(809, 113, 91417, 90496, 65537, 1153, 0.01735752845265047)
(149, 23, 3427, 3256, 257, 1609, 78.85958536521048)
(563, 173, 97399, 96664, 65537, 10217, 0.1629384582552614)
(167, 821, 137107, 136120, 65537, 95953, 1.6396932928605483)
(617, 653, 402901, 401632, 65537, 9217, 0.15009011011408432)
(769, 733, 563677, 562176, 65537, 37889, 0.6218023510515732)
(281, 503, 141343, 140560, 65537, 111473, 1.9564169092584922)
(599, 601, 359999, 358800, 65537, 302273, 5.147873427266466)
(877, 29, 25433, 24528, 257, 13457, 682.4121161033802)
(293, 661, 193673, 192720, 65537, 53393, 0.8955710070562735)
(991, 277, 274507, 273240, 65537, 194633, 3.290911882313363)
(311, 131, 40741, 40300, 257, 3293, 159.96036657116053)
(463, 631, 292153, 291060, 65537, 111473, 1.9370391971102492)
(991, 47, 46577, 45540, 257, 23213, 1148.9277834044208)
(967, 677, 654659, 653016, 65537, 445793, 7.420002143422225)
(167, 577, 96359, 95616, 65537, 22913, 0.3671895348655314)
(499, 547, 272953, 271908, 65537, 76697, 1.2940192446703849)
(443, 367, 162581, 161772, 65537, 59849, 1.0191581210952454)
(521, 277, 144317, 143520, 65537, 15233, 0.2423144773120877)
(911, 233, 212263, 211120, 65537, 125473, 2.176623872536955)
(829, 557, 461753, 460368, 65537, 282401, 4.806192189601594)
(151, 367, 55417, 54900, 257, 29693, 1478.9323248574165)
(23, 97, 2231, 2112, 257, 641, 31.546097380977123)
(509, 251, 127759, 127000, 65537, 74473, 1.2782918706161042)
(31, 37, 1147, 1080, 257, 353, 17.306523257548047)
(787, 23, 18101, 17292, 257, 5921, 284.3355882256002)
(401, 787, 315587, 314400, 65537, 71873, 1.2193447456523459)
(701, 157, 110057, 109200, 65537, 52673, 0.8700032553581118)
(683, 587, 400921, 399652, 65537, 233265, 4.013534999314697)
(37, 709, 26233, 25488, 257, 21521, 1053.2288428599045)
(431, 509, 219379, 218440, 65537, 135433, 2.3392679965358516)
(823, 463, 381049, 379764, 65537, 214037, 3.6619779598389557)
(863, 983, 848329, 846484, 65537, 172469, 2.996468188075142)
(773, 829, 640817, 639216, 65537, 411569, 6.858582590958612)
(271, 587, 159077, 158220, 65537, 9413, 0.150187764642099)
(991, 881, 873071, 871200, 65537, 705473, 11.531680730751528)
(43, 739, 31777, 30996, 257, 3377, 159.918822546983)
(373, 857, 319661, 318432, 65537, 271457, 4.621974718897697)
(607, 239, 145073, 144228, 65537, 6809, 0.10982908260566297)
(43, 659, 28337, 27636, 257, 1613, 77.09352091950909)
(433, 241, 104353, 103680, 65537, 74753, 1.257129540195581)
(787, 97, 76339, 75456, 65537, 71873, 1.2137996786462888)
(313, 443, 138659, 137904, 65537, 96977, 1.6627027760705595)
(31, 197, 6107, 5880, 257, 4553, 218.09424845119094)
(593, 601, 356393, 355200, 65537, 86273, 1.4997484227925848)
(643, 269, 172967, 172056, 65537, 109673, 1.9016232436043192)
(199, 709, 141091, 140184, 65537, 116225, 1.9940839854079653)
(839, 293, 245827, 244696, 65537, 222753, 3.874638311751325)
(397, 641, 254477, 253440, 65537, 166913, 2.8710948918976347)
(659, 631, 415829, 414540, 65537, 102653, 1.8181010106290714)
(233, 191, 44503, 44080, 257, 19553, 951.8957737950523)
(29, 877, 25433, 24528, 257, 13457, 665.6057438928792)
(509, 733, 373097, 371856, 65537, 359969, 6.048253801015884)
(593, 647, 383671, 382432, 65537, 188097, 3.221617157192066)
(73, 733, 53509, 52704, 257, 5537, 278.0876462730057)
(557, 617, 343669, 342496, 65537, 51105, 0.8490302694313403)
(941, 109, 102569, 101520, 65537, 94193, 1.613633978929656)
(271, 541, 146611, 145800, 65537, 19673, 0.3216094028983242)
(479, 599, 286921, 285844, 65537, 180281, 3.110736050558976)
(677, 653, 442081, 440752, 65537, 343041, 5.840216180005563)
(977, 179, 174883, 173728, 65537, 78881, 1.3152974836423197)
(227, 877, 199079, 197976, 65537, 116465, 2.0102668856570687)
(661, 643, 425023, 423720, 65537, 186713, 3.241279148725629)
(881, 239, 210559, 209440, 65537, 203873, 3.48422812425288)
(433, 293, 126869, 126144, 65537, 98945, 1.7066502386436793)
(877, 409, 358693, 357408, 65537, 225089, 3.8592891445710835)
(193, 929, 179297, 178176, 65537, 120833, 2.1168753641554967)
(877, 727, 637579, 635976, 65537, 130481, 2.282654254936357)
(563, 659, 371017, 369796, 65537, 185561, 3.2450255728979465)
(761, 859, 653699, 652080, 65537, 520673, 8.591594423866164)
(239, 829, 198131, 197064, 65537, 43937, 0.7168570374696884)
(509, 223, 113507, 112776, 65537, 76505, 1.2983162726075377)
(853, 113, 96389, 95424, 65537, 83585, 1.4551874686353323)
(811, 419, 339809, 338580, 65537, 194633, 3.3320451179645163)
(127, 383, 48641, 48132, 257, 16481, 807.2329940103319)
(173, 727, 125771, 124872, 65537, 60785, 1.0292836583481972)
(937, 173, 162101, 160992, 65537, 141281, 2.4392586953221604)
(463, 499, 231037, 230076, 65537, 97613, 1.6839462868477728)
(809, 193, 156137, 155136, 65537, 91649, 1.5754687051539809)
(293, 607, 177851, 176952, 65537, 67409, 1.1421945934292856)
(857, 617, 528769, 527296, 65537, 83137, 1.4218781093991384)
(457, 283, 129331, 128592, 65537, 40049, 0.64746059072525)
(283, 683, 193289, 192324, 65537, 42305, 0.6941522740472688)
(857, 787, 674459, 672816, 65537, 656657, 10.778225153700031)
(109, 653, 71177, 70416, 65537, 58769, 0.9845384418798467)
(569, 983, 559327, 557776, 65537, 543665, 8.989333225734363)
(593, 683, 405019, 403744, 65537, 402401, 6.7022376470122556)
(139, 79, 10981, 10764, 257, 2513, 122.56858905406227)
(331, 211, 69841, 69300, 65537, 42173, 0.6888097133544187)
(373, 103, 38419, 37944, 257, 25985, 1263.2168904221462)
(331, 37, 12247, 11880, 257, 1433, 69.44089988339933)
(197, 733, 144401, 143472, 65537, 17393, 0.2788207669013753)
(647, 997, 645059, 643416, 65537, 301793, 5.033476687082349)
(877, 277, 242929, 241776, 65537, 183041, 3.1485056745565174)
(523, 491, 256793, 255780, 65537, 32093, 0.5180435888500978)
(79, 541, 42739, 42120, 257, 16553, 815.9271776117306)
(743, 157, 116651, 115752, 65537, 46121, 0.7554756204690495)
(587, 769, 451403, 450048, 65537, 125441, 2.1742632448660477)
(599, 557, 333643, 332488, 65537, 256825, 4.3688481949203615)
(103, 113, 11639, 11424, 257, 6401, 303.5540530955074)
(457, 977, 446489, 445056, 65537, 84737, 1.4563407218103261)
(991, 139, 137749, 136620, 65537, 58013, 0.9960142249049593)
(971, 443, 430153, 428740, 65537, 374553, 6.2701964163158355)
(821, 557, 457297, 455920, 65537, 378033, 6.350194557813109)
(337, 131, 44147, 43680, 257, 30593, 1336.1942267914192)
(883, 109, 96247, 95256, 65537, 58553, 1.016581127169432)
(97, 41, 3977, 3840, 257, 1793, 84.33121789949979)
(439, 563, 247157, 246156, 65537, 70913, 1.2179763103509988)
(113, 547, 61811, 61152, 257, 48065, 2362.669297481919)
(757, 389, 294473, 293328, 65537, 286865, 4.912739688623827)
(23, 911, 20953, 20020, 257, 6933, 337.97420411748806)
(409, 149, 60941, 60384, 257, 43937, 2196.6344380621135)
(941, 199, 187259, 186120, 65537, 178793, 3.0855256290009803)
(479, 787, 376973, 375708, 65537, 114317, 2.0018425172136136)
(421, 43, 18103, 17640, 257, 10433, 502.2718829339818)
(613, 239, 146507, 145656, 65537, 103913, 1.765351436697672)
(811, 43, 34873, 34020, 257, 23033, 1103.0554448564494)
(149, 461, 68689, 68080, 65537, 15233, 0.2403222794098309)
(881, 421, 370901, 369600, 65537, 19073, 0.31027239783128463)
(197, 631, 124307, 123480, 65537, 58553, 0.9816932300336125)
(251, 571, 143321, 142500, 65537, 115973, 2.011551239259176)
(397, 827, 328319, 327096, 65537, 22769, 0.3715061221306424)
(673, 431, 290063, 288960, 65537, 260993, 4.488104227471416)
(877, 421, 369217, 367920, 65537, 35873, 0.5876950570163202)
(467, 151, 70517, 69900, 65537, 25073, 0.40232091592242)
(61, 331, 20191, 19800, 257, 5393, 265.4391754911768)
(71, 409, 29039, 28560, 257, 12113, 610.0978849399128)
(797, 601, 478997, 477600, 65537, 343073, 5.681878354951083)
(677, 877, 593729, 592176, 65537, 291665, 4.975957956148119)
(127, 197, 25019, 24696, 257, 17489, 842.4215409500478)
(991, 997, 988027, 986040, 65537, 919313, 14.764220160687504)
(907, 719, 652133, 650508, 65537, 94325, 1.6315841774529685)
(881, 73, 64313, 63360, 257, 13313, 679.1026074375244)
(569, 941, 535429, 533920, 65537, 308513, 5.206618652084247)
(53, 673, 35669, 34944, 257, 30593, 1479.1556575344412)
(89, 149, 13261, 13024, 257, 4865, 237.2759294391861)
(157, 127, 19939, 19656, 257, 10937, 547.3442771518608)
(997, 457, 455629, 454176, 65537, 453185, 7.555558103768746)
(617, 313, 193121, 192192, 65537, 122561, 2.0844641750509028)
(509, 839, 427051, 425704, 65537, 413817, 6.90150847504222)
(499, 197, 98303, 97608, 65537, 20921, 0.33802184275538394)
(439, 541, 237499, 236520, 65537, 35873, 0.5792605783742667)
(521, 89, 46369, 45760, 257, 9793, 500.3487676804337)
(383, 487, 186521, 185652, 65537, 183941, 3.1227433940594826)
(971, 653, 634063, 632440, 65537, 242633, 4.158867376179516)
(479, 727, 348233, 347028, 65537, 214697, 3.6754031778600087)
(191, 607, 115937, 115140, 65537, 21353, 0.3513055203952182)
(163, 977, 159251, 158112, 65537, 20321, 0.3264087354069888)
(283, 311, 88013, 87420, 65537, 77273, 1.2844930672561632)
(991, 823, 815593, 813780, 65537, 105533, 1.7903039878641702)
(151, 353, 53303, 52800, 257, 44993, 2254.934229691087)
(191, 83, 15853, 15580, 257, 3213, 155.80520336280435)
(743, 859, 638237, 636636, 65537, 567005, 9.30485939975689)
(431, 401, 172831, 172000, 65537, 61473, 1.05637932425002)
(389, 89, 34621, 34144, 257, 17537, 853.1719234057509)
(227, 719, 163213, 162268, 65537, 45501, 0.7369148525176266)
(823, 457, 376111, 374832, 65537, 228833, 3.939764472999369)
(443, 79, 34997, 34476, 257, 19049, 935.0855715621612)
(73, 83, 6059, 5904, 257, 3377, 164.73328730543648)
(107, 877, 93839, 92856, 65537, 77921, 1.33597561866666)
(487, 571, 278077, 277020, 65537, 194633, 3.373000688124455)
(443, 197, 87271, 86632, 65537, 6809, 0.10772030285535897)
(271, 181, 49051, 48600, 257, 3593, 173.09408481504565)
(701, 821, 575521, 574000, 65537, 125473, 2.193931533960591)
(163, 149, 24287, 23976, 257, 21737, 1083.6724814445517)
(241, 937, 225817, 224640, 65537, 40193, 0.6789485542935543)
(29, 139, 4031, 3864, 257, 857, 41.62896675778572)
(281, 251, 70531, 70000, 65537, 13473, 0.2151277440191952)
(617, 199, 122783, 121968, 65537, 78209, 1.3365520087259584)
(193, 73, 14089, 13824, 257, 6401, 314.5225242283169)
(827, 151, 124877, 123900, 65537, 67373, 1.1492346625895435)
(137, 389, 53293, 52768, 257, 33057, 1643.4060567871966)
(193, 131, 25283, 24960, 257, 5633, 278.549298725986)
(773, 601, 464573, 463200, 65537, 50273, 0.8394865431849643)
(313, 229, 71677, 71136, 65537, 70145, 1.1604558004760663)
(109, 809, 88181, 87264, 65537, 23777, 0.37915816354697485)
(643, 557, 358151, 356952, 65537, 145625, 2.509241188460898)
(31, 661, 20491, 19800, 257, 5393, 263.9817389298971)
(919, 37, 34003, 33048, 257, 21089, 1051.4622001232483)
(313, 751, 235063, 234000, 65537, 21473, 0.3487442303713778)
(521, 571, 297491, 296400, 65537, 224273, 3.839075044672208)
(599, 29, 17371, 16744, 257, 7297, 348.29723869668794)
(317, 47, 14899, 14536, 257, 6561, 333.8767358866479)
(811, 557, 451727, 450360, 65537, 272393, 4.687126083457057)
(809, 613, 495917, 494496, 65537, 460097, 7.577745883043031)
(31, 733, 22723, 21960, 257, 18713, 915.3812311711438)
(269, 61, 16409, 16080, 257, 2753, 132.86679476073982)
(953, 509, 485077, 483616, 65537, 420929, 7.021008264818624)
(419, 827, 346513, 345268, 65537, 259005, 4.367615576637875)
(461, 137, 63157, 62560, 257, 8033, 405.9845640991329)
(691, 557, 384887, 383640, 65537, 205673, 3.532618318019624)
(919, 379, 348301, 347004, 65537, 296693, 5.078334642949256)
(853, 281, 239693, 238560, 65537, 35873, 0.5826873237532066)
(313, 859, 268867, 267696, 65537, 40193, 0.6577047162780041)
(929, 389, 361381, 360064, 65537, 310145, 5.185481121045221)
(317, 751, 238067, 237000, 65537, 135473, 2.3745188138600253)
(541, 809, 437669, 436320, 65537, 372833, 6.218187637937303)
(821, 883, 724943, 723240, 65537, 217313, 3.7299758766599593)
(127, 743, 94361, 93492, 65537, 55025, 0.9241619518400386)
(193, 127, 24511, 24192, 257, 6401, 322.56060803155435)
(877, 331, 290287, 289080, 65537, 246113, 4.1957158219565205)
(233, 467, 108811, 108112, 65537, 66081, 1.1174224695756574)
(619, 643, 398017, 396756, 65537, 259901, 4.452212599596876)
(643, 929, 597347, 595776, 65537, 76289, 1.3025264040785107)
(37, 877, 32449, 31536, 257, 2945, 142.79773466127116)
(953, 311, 296383, 295120, 65537, 118193, 2.0667756865808693)
(373, 347, 129431, 128712, 65537, 79505, 1.3743111730123723)
(829, 101, 83729, 82800, 65537, 53873, 0.9080965944976139)
(23, 733, 16859, 16104, 257, 4073, 196.18517184140504)
(389, 397, 154433, 153648, 65537, 35441, 0.5799407577570103)
(269, 61, 16409, 16080, 257, 2753, 130.3486945372094)
(349, 79, 27571, 27144, 257, 14681, 746.3621350777644)
(167, 37, 6179, 5976, 257, 3953, 195.46685450517595)
(139, 977, 135803, 134688, 65537, 8609, 0.13576571947527058)
(193, 599, 115607, 114816, 65537, 15233, 0.2436354165424166)
(467, 89, 41563, 41008, 257, 34785, 1656.1426837725764)
(859, 673, 578107, 576576, 65537, 122561, 2.1452789409579838)
(571, 821, 468791, 467400, 65537, 281273, 4.82488996775168)
(131, 661, 86591, 85800, 65537, 5873, 0.08970291913154023)
(373, 787, 293551, 292392, 65537, 5849, 0.09315099018339912)
(809, 641, 518569, 517120, 65537, 453633, 7.5598371160787154)
(419, 251, 105169, 104500, 65537, 39973, 0.665775599079157)
(433, 761, 329513, 328320, 65537, 92033, 1.584817840643224)
(733, 659, 483047, 481656, 65537, 27641, 0.44913458268921175)
(241, 797, 192077, 191040, 65537, 56513, 0.9336398644934508)
(877, 193, 169261, 168192, 65537, 14849, 0.2327597337459367)
(383, 557, 213331, 212392, 65537, 4401, 0.06704473499548667)
(853, 131, 111743, 110760, 65537, 86993, 1.4861379369629537)
(523, 151, 78973, 78300, 65537, 773, 0.011776427542413594)
(367, 599, 219833, 218868, 65537, 126461, 2.1985532767863383)
(61, 733, 44713, 43920, 257, 40673, 1990.538510309211)
(709, 719, 509771, 508344, 65537, 141713, 2.4722919554540534)
(227, 937, 212699, 211536, 65537, 208673, 3.5889326554795566)
(389, 487, 189443, 188568, 65537, 140201, 2.429222675495356)
(487, 73, 35551, 34992, 257, 28865, 1399.8390694844318)
(631, 491, 309821, 308700, 65537, 243773, 4.218904788858894)
(701, 443, 310543, 309400, 65537, 180073, 3.064617677416375)
(619, 61, 37759, 37080, 257, 33473, 1627.1515543346018)
(31, 47, 1457, 1380, 257, 1133, 55.279171742234006)
(89, 727, 64703, 63888, 257, 40769, 2012.4334478038522)
(197, 457, 90029, 89376, 65537, 57377, 0.9518519111559792)
(509, 353, 179677, 178816, 65537, 6401, 0.10108913150754137)
(89, 941, 83749, 82720, 65537, 75393, 1.2784524302725035)
(73, 953, 69569, 68544, 65537, 9665, 0.15725255166198265)
(557, 397, 221129, 220176, 65537, 2177, 0.03239192735399056)
(293, 733, 214769, 213744, 65537, 155009, 2.6920089118403028)
(37, 983, 36371, 35352, 257, 17057, 830.3828480067683)
(521, 241, 125561, 124800, 65537, 115073, 2.006828276684434)
(83, 613, 50879, 50184, 257, 21089, 1020.2019513340354)
(719, 191, 137329, 136420, 65537, 55553, 0.928354235147601)
(193, 809, 156137, 155136, 65537, 91649, 1.5623938063256824)
(967, 613, 592771, 591192, 65537, 438065, 7.257717388825188)
(491, 643, 315713, 314580, 65537, 26213, 0.41939531964138405)
(433, 983, 425639, 424224, 65537, 143009, 2.443124541807485)
(359, 37, 13283, 12888, 257, 7121, 357.7657484240864)
(149, 727, 108323, 107448, 65537, 89825, 1.5117851245856808)
(479, 79, 37841, 37284, 257, 3917, 185.29697251383897)
(827, 877, 725279, 723576, 65537, 587753, 9.736527427047443)
(937, 821, 769277, 767520, 65537, 40193, 0.6516805814573393)
(23, 83, 1909, 1804, 257, 1081, 50.40353483955126)
(79, 193, 15247, 14976, 257, 641, 31.03943496625977)
(911, 433, 394463, 393120, 65537, 96353, 1.6543427753396744)
(991, 23, 22793, 21780, 257, 7373, 358.24430603662313)
(59, 257, 15163, 14848, 257, 13057, 626.7938573958598)
(677, 709, 479993, 478608, 65537, 348449, 5.831355941031741)
(313, 521, 163073, 162240, 65537, 40193, 0.660713350899764)
(37, 109, 4033, 3888, 257, 1649, 79.27959105826375)
(907, 953, 864371, 862512, 65537, 186737, 3.1955618941312594)
(761, 353, 268633, 267520, 65537, 152833, 2.597516230031498)
(97, 397, 38509, 38016, 257, 13313, 650.9572192630314)
(829, 661, 547969, 546480, 65537, 467873, 7.69992092685212)
(457, 199, 90943, 90288, 65537, 59201, 0.9936166514516268)
(547, 563, 307961, 306852, 65537, 43937, 0.7316721676065143)
(647, 653, 422491, 421192, 65537, 353473, 5.943121045868877)
(113, 173, 19549, 19264, 257, 14017, 697.6426407462568)
(41, 313, 12833, 12480, 257, 5633, 277.7512787655245)
(757, 251, 190007, 189000, 65537, 111473, 1.9132682512895243)
(167, 787, 131429, 130476, 65537, 68729, 1.1497534962962732)
(881, 389, 342709, 341440, 65537, 223233, 3.7873786625894588)
(223, 557, 124211, 123432, 65537, 102257, 1.747394195330663)
(83, 619, 51377, 50676, 257, 16169, 827.4933344667572)
(491, 461, 226351, 225400, 65537, 72273, 1.2239794504152866)
(983, 733, 720539, 718824, 65537, 190145, 3.302981468288981)
(653, 619, 404207, 402936, 65537, 313049, 5.272909069532413)
(293, 953, 279229, 277984, 65537, 264801, 4.499775239859136)
(479, 283, 135557, 134796, 65537, 91373, 1.5502424745272887)
(31, 379, 11749, 11340, 257, 353, 17.809359496959225)
(43, 457, 19651, 19152, 257, 10433, 498.17152209747667)
(23, 211, 4853, 4620, 257, 773, 37.55008382781013)
(829, 137, 113573, 112608, 65537, 43937, 0.7144529534913598)
(593, 983, 582919, 581344, 65537, 205857, 3.4819952260260996)
(631, 379, 239149, 238140, 65537, 58553, 0.9920989378017989)
(317, 929, 294493, 293248, 65537, 28033, 0.4554182333214679)
(151, 263, 39713, 39300, 257, 7493, 367.7225142212218)
(61, 673, 41053, 40320, 257, 30593, 1554.173797327962)
(839, 109, 91451, 90504, 65537, 8225, 0.12878189323570974)
(607, 113, 68591, 67872, 65537, 23777, 0.37882767916472665)
(983, 449, 441367, 439936, 65537, 221569, 3.834478130989757)
(521, 463, 241223, 240240, 65537, 74513, 1.28038667814495)
(293, 349, 102257, 101616, 65537, 42881, 0.7094094817365706)
(631, 449, 283319, 282240, 65537, 5633, 0.08761938273601896)
(151, 397, 59947, 59400, 257, 25193, 1251.7493566178398)
(503, 137, 68911, 68272, 65537, 31153, 0.49900584381279856)
(877, 587, 514799, 513336, 65537, 62153, 1.0495003320806253)
(233, 541, 126053, 125280, 65537, 79073, 1.3511991656239304)
(563, 83, 46729, 46084, 257, 16497, 819.703247413172)
(937, 181, 169597, 168480, 65537, 152513, 2.601921333982098)
(67, 701, 46967, 46200, 257, 5393, 277.6690602081718)
(641, 67, 42947, 42240, 257, 13313, 659.5312984586002)
(997, 443, 441671, 440232, 65537, 335657, 5.650285981661268)
(739, 29, 21431, 20664, 257, 3377, 161.3749383330594)
(787, 397, 312439, 311256, 65537, 175625, 3.0478545395542747)
(23, 733, 16859, 16104, 257, 4073, 199.4715893261893)
(547, 379, 207313, 206388, 65537, 106181, 1.8416891739035723)
(349, 71, 24779, 24360, 257, 23033, 1098.7704014076157)
(157, 653, 102521, 101712, 65537, 4001, 0.06188614666484502)
(491, 773, 379543, 378280, 65537, 274153, 4.635463922820611)
(557, 613, 341441, 340272, 65537, 122273, 2.1064973698899876)
(167, 443, 73981, 73372, 65537, 42169, 0.6669463060348677)
(677, 827, 559879, 558376, 65537, 29377, 0.4738091574470474)
(457, 103, 47071, 46512, 257, 18641, 928.0519747999485)
(821, 139, 114119, 113160, 65537, 109073, 1.8862671525388683)
(631, 257, 162167, 161280, 65537, 5633, 0.09047579926907036)
(613, 653, 400289, 399024, 65537, 176129, 3.0418222745399977)
(131, 397, 52007, 51480, 257, 21233, 1056.3070471324786)
(29, 421, 12209, 11760, 257, 10433, 505.03936787624735)
(743, 127, 94361, 93492, 65537, 55025, 0.9159834438109151)
(421, 239, 100619, 99960, 65537, 46793, 0.7776410696930489)
(619, 491, 303929, 302820, 65537, 182033, 3.130469552227326)
(173, 727, 125771, 124872, 65537, 60785, 1.032417242010815)
(149, 397, 59153, 58608, 257, 24401, 1216.4145232946398)
(379, 107, 40553, 40068, 257, 11693, 580.7511631142438)
(227, 593, 134611, 133792, 65537, 49569, 0.8252378288293463)
(503, 167, 84001, 83332, 65537, 80349, 1.387631455126471)
(239, 653, 156067, 155176, 65537, 109625, 1.875068284762459)
(181, 761, 137741, 136800, 65537, 64673, 1.1332808543448951)
(167, 191, 31897, 31540, 257, 22213, 1092.7088054816447)
(647, 997, 645059, 643416, 65537, 301793, 5.061765749806261)
(431, 101, 43531, 43000, 257, 15393, 762.1073251812147)
(257, 971, 249547, 248320, 65537, 223233, 3.8349141325381253)
(739, 71, 52469, 51660, 257, 34373, 1694.359987924637)
(607, 503, 305321, 304212, 65537, 183761, 3.1746380994777885)
(179, 457, 81803, 81168, 65537, 19073, 0.3090497448058816)
(593, 227, 134611, 133792, 65537, 49569, 0.8123796685949316)
(151, 379, 57229, 56700, 257, 11693, 580.1318264219367)
(491, 701, 344191, 343000, 65537, 209473, 3.5890027375621214)
(887, 797, 706939, 705256, 65537, 253921, 4.27060765750465)
(859, 463, 397717, 396396, 65537, 230669, 3.929228286300544)
(919, 641, 589079, 587520, 65537, 489473, 8.081785884351868)
(263, 463, 121769, 121044, 65537, 19997, 0.3206154383771342)
(787, 419, 329753, 328548, 65537, 244793, 4.160584446090957)
(821, 653, 536113, 534640, 65537, 92673, 1.6016451834974592)
(89, 277, 24653, 24288, 257, 8033, 385.98313361152395)
(659, 193, 127187, 126336, 65537, 51329, 0.8511628172307935)
(251, 739, 185489, 184500, 65537, 84473, 1.4457728297235874)
(197, 101, 19897, 19600, 257, 2593, 126.66090615604222)
(31, 29, 899, 840, 257, 353, 17.372785762910432)
(947, 601, 569147, 567600, 65537, 560273, 9.238130642053804)
(971, 433, 420443, 419040, 65537, 161153, 2.788308921029907)
(227, 769, 174563, 173568, 65537, 2561, 0.03877316191079687)
(97, 607, 58879, 58176, 257, 9281, 471.0507283050024)
(419, 37, 15503, 15048, 257, 2225, 109.3205020106557)
(271, 379, 102709, 102060, 65537, 92573, 1.6112323535329414)
(409, 347, 141923, 141168, 65537, 4769, 0.07460025668072556)
(757, 727, 550339, 548856, 65537, 444113, 7.315611038261932)
(283, 53, 14999, 14664, 257, 7817, 381.8881563236172)
(887, 839, 744193, 742468, 65537, 668569, 10.90708803921762)
(719, 601, 432119, 430800, 65537, 227873, 3.9458763430608337)
(229, 233, 53357, 52896, 257, 19553, 982.2782612868838)
(727, 197, 143219, 142296, 65537, 98537, 1.6841343903916495)
(863, 977, 843151, 841312, 65537, 525889, 8.583536535708053)
(569, 859, 488771, 487344, 65537, 397121, 6.589088225085632)
(313, 277, 86701, 86112, 65537, 43937, 0.7194268321627761)
(719, 311, 223609, 222580, 65537, 191973, 3.3339767190995984)
(541, 929, 502589, 501120, 65537, 454913, 7.532512207414397)
(887, 593, 525991, 524512, 65537, 41281, 0.6794609367230555)
(101, 107, 10807, 10600, 257, 6393, 320.95510054366537)
(157, 263, 41291, 40872, 257, 9065, 457.0131342295167)
(643, 421, 270703, 269640, 65537, 71153, 1.2270166314860806)
(653, 101, 65953, 65200, 257, 50993, 2522.156177501499)
(107, 157, 16799, 16536, 257, 4697, 236.9406587284911)
(953, 859, 818627, 816816, 65537, 266705, 4.620860080563148)
(811, 613, 497143, 495720, 65537, 48833, 0.8186983281064494)
(457, 881, 402617, 401280, 65537, 19073, 0.3068246484916493)
(29, 523, 15167, 14616, 257, 8417, 422.45586740005365)
(467, 97, 45299, 44736, 257, 27329, 1358.6083199117488)
(509, 337, 171533, 170688, 65537, 79553, 1.3652385997795347)
(127, 463, 58801, 58212, 257, 19253, 973.69445589022)
(103, 463, 47689, 47124, 257, 19253, 988.2080399552339)
(397, 773, 306881, 305712, 65537, 133649, 2.335809502921861)
(67, 661, 44287, 43560, 257, 29153, 1429.6089837339448)
(547, 89, 48683, 48048, 257, 34961, 1668.6241808810064)
(389, 757, 294473, 293328, 65537, 286865, 4.891733984013733)
(829, 499, 413671, 412344, 65537, 363545, 6.152083147465625)
(97, 541, 52477, 51840, 257, 13313, 658.8485203682535)
(269, 569, 153061, 152224, 65537, 99489, 1.7426375244828776)
(743, 709, 526787, 525336, 65537, 339953, 5.757716773819697)
(97, 443, 42971, 42432, 257, 3137, 151.76587573984352)
(761, 271, 206231, 205200, 65537, 133073, 2.3538337556298496)
(367, 97, 35599, 35136, 257, 23105, 1082.527311979213)
(431, 827, 356437, 355180, 65537, 315173, 5.319720808460546)
(919, 31, 28489, 27540, 257, 10073, 498.21427526861)
(809, 167, 135103, 134128, 65537, 18929, 0.30384758349696034)
(109, 97, 10573, 10368, 257, 2945, 140.36798334940582)
(479, 839, 401881, 400564, 65537, 395381, 6.6372222761417845)
(389, 181, 70409, 69840, 65537, 21473, 0.3419950926155958)
(337, 809, 272633, 271488, 65537, 91649, 1.5715384136880233)
(503, 199, 100097, 99396, 65537, 12077, 0.1953228694969446)
(359, 647, 232273, 231268, 65537, 86029, 1.4727494670653525)
(677, 421, 285017, 283920, 65537, 161873, 2.7807738555567583)
(89, 383, 34087, 33616, 257, 16481, 822.6700136069263)
(887, 263, 233281, 232132, 65537, 43053, 0.7147310033545027)
(223, 541, 120643, 119880, 65537, 19673, 0.3135206585650975)
(479, 769, 368351, 367104, 65537, 346625, 5.755206539601064)
(151, 71, 10721, 10500, 257, 5393, 263.98531731776035)
(727, 661, 480547, 479160, 65537, 182753, 3.1554610133353074)
(883, 641, 566003, 564480, 65537, 5633, 0.08861742487185725)
(499, 107, 53393, 52788, 257, 51761, 2533.7586162445973)
(523, 821, 429383, 428040, 65537, 173033, 2.9981961537974806)
(347, 163, 56561, 56052, 257, 36641, 1771.0655244404747)
(509, 719, 365971, 364744, 65537, 293929, 4.968133892516109)
(41, 101, 4141, 4000, 257, 3393, 166.18424714884313)
(797, 173, 137881, 136912, 65537, 11937, 0.19245145272639727)
(719, 997, 716843, 715128, 65537, 469121, 7.772579088588358)
(73, 547, 39931, 39312, 257, 30593, 1479.0836726831642)
(983, 827, 812941, 811132, 65537, 634009, 10.415182564228362)
(631, 823, 519313, 517860, 65537, 179513, 3.0845331527421336)
(241, 541, 130381, 129600, 65537, 100673, 1.7108983973086853)
(229, 349, 79921, 79344, 65537, 37313, 0.6070329048558839)
(139, 877, 121903, 120888, 65537, 62153, 1.041888521594886)
(73, 947, 69131, 68112, 65537, 60785, 1.018614705993374)
(883, 607, 535981, 534492, 65537, 481913, 7.960914689026614)
(193, 773, 149189, 148224, 65537, 31745, 0.5179601912998044)
(23, 109, 2507, 2376, 257, 1433, 67.41121119739425)
(593, 101, 59893, 59200, 257, 54593, 2650.7200087672763)
(239, 941, 224899, 223720, 65537, 3953, 0.0621314237148094)
(113, 257, 29041, 28672, 257, 24321, 1145.9858684661044)
(31, 37, 1147, 1080, 257, 353, 17.150430335739408)
(683, 659, 450097, 448756, 65537, 298737, 5.08905620526164)
(151, 193, 29143, 28800, 257, 1793, 86.24298978702204)
(487, 401, 195287, 194400, 65537, 165473, 2.903091513035195)
(941, 61, 57401, 56400, 257, 26993, 1353.0944822613749)
(709, 491, 348119, 346920, 65537, 240833, 4.092351205127682)
(433, 79, 34207, 33696, 257, 8129, 398.7370634236678)
(337, 571, 192427, 191520, 65537, 146753, 2.5581586166938663)
(991, 757, 750187, 748440, 65537, 194633, 3.379616010387956)
(977, 97, 94769, 93696, 65537, 37889, 0.618140177308253)
(947, 859, 813473, 811668, 65537, 60785, 1.0422218946932886)
(227, 631, 143237, 142380, 65537, 45953, 0.7865300625685608)
(883, 577, 509491, 508032, 65537, 344321, 5.8349834611609355)
(937, 431, 403847, 402480, 65537, 302273, 5.099468541242566)
(653, 389, 254017, 252976, 65537, 116145, 2.037237847428533)
(563, 569, 320347, 319216, 65537, 160833, 2.8178190587971934)
(757, 163, 123391, 122472, 65537, 31337, 0.5161415138268701)
(373, 941, 350993, 349680, 65537, 252113, 4.3573397055007055)
(73, 373, 27229, 26784, 257, 8129, 399.5316071493992)
(433, 883, 382339, 381024, 65537, 344321, 5.849410141425213)
(823, 733, 603259, 601704, 65537, 169649, 2.9351406336834467)
(397, 317, 125849, 125136, 65537, 105137, 1.855039273151057)
(337, 829, 279373, 278208, 65537, 90305, 1.5779238556686581)
(293, 103, 30179, 29784, 257, 11705, 583.4116614143644)
(337, 607, 204559, 203616, 65537, 23777, 0.39132368230616354)
(353, 617, 217801, 216832, 65537, 186625, 3.2302047839150605)
(191, 661, 126251, 125400, 65537, 19073, 0.3124851129964151)
(367, 29, 10643, 10248, 257, 9929, 483.4695147509357)
(431, 617, 265927, 264880, 65537, 68353, 1.1692646357531278)
(941, 797, 749977, 748240, 65537, 534113, 8.784787781991254)
(331, 719, 237989, 236940, 65537, 12473, 0.20263781131714537)
(101, 613, 61913, 61200, 257, 16193, 782.0804820543703)
(223, 397, 88531, 87912, 65537, 11681, 0.186802395274907)
(701, 599, 419899, 418600, 65537, 362073, 6.115232853777366)
(569, 751, 427319, 426000, 65537, 291473, 5.035248393509085)
(619, 659, 407921, 406644, 65537, 86861, 1.5092698581845698)
(487, 257, 125159, 124416, 65537, 33281, 0.5374997813206714)
(23, 367, 8441, 8052, 257, 4073, 200.55731475143247)
(887, 617, 547279, 545776, 65537, 530353, 8.7424315177394)
(349, 809, 282341, 281184, 65537, 101345, 1.7757570031309249)
(107, 293, 31351, 30952, 257, 4697, 220.615207502353)
(683, 389, 265687, 264616, 65537, 69585, 1.1836735651285024)
(409, 733, 299797, 298656, 65537, 283841, 4.86716941917415)
(29, 877, 25433, 24528, 257, 13457, 651.2160226839486)
(457, 83, 37931, 37392, 257, 25025, 1227.734520473858)
(379, 103, 39037, 38556, 257, 32105, 1568.9027832279023)
(379, 661, 250519, 249480, 65537, 194633, 3.4477876907120857)
(397, 347, 137759, 137016, 65537, 17225, 0.27648277265737864)
(641, 647, 414727, 413440, 65537, 250113, 4.352167806278951)
(733, 67, 49111, 48312, 257, 36281, 1747.7195042750986)
(757, 719, 544283, 542808, 65537, 141713, 2.5035163784213132)
(223, 769, 171487, 170496, 65537, 1025, 0.01534415079914823)
(397, 521, 206837, 205920, 65537, 40193, 0.6595119255908181)
(641, 853, 546773, 545280, 65537, 274433, 4.667624270270956)
(911, 983, 895513, 893620, 65537, 400293, 6.618650948781335)
(97, 701, 67997, 67200, 65537, 19073, 0.30158567182388474)
(733, 743, 544619, 543144, 65537, 304337, 5.180252585830759)
(811, 709, 574999, 573480, 65537, 77993, 1.3338677270259611)
(547, 337, 184339, 183456, 65537, 174977, 2.98433844660059)
(641, 997, 639077, 637440, 65537, 182273, 3.1216215387829034)
(103, 733, 75499, 74664, 65537, 59849, 0.9955434913154733)
(283, 397, 112351, 111672, 65537, 104345, 1.8189551712057692)
(89, 863, 76807, 75856, 65537, 8689, 0.1391410780432698)
(439, 83, 36437, 35916, 257, 35357, 1712.769370795989)
(937, 211, 197707, 196560, 65537, 96353, 1.6483581185435998)
(181, 383, 69323, 68760, 65537, 25793, 0.41412428570085724)
(149, 547, 81503, 80808, 65537, 61409, 1.04948066764469)
(953, 919, 875807, 873936, 65537, 540881, 8.890457137918514)
(991, 677, 670907, 669240, 65537, 40193, 0.6946278796652575)
(641, 167, 107047, 106240, 65537, 76033, 1.3152496777523182)
(631, 773, 487763, 486360, 65537, 328193, 5.5785760609661015)
(173, 271, 46883, 46440, 257, 44633, 2117.1222501718016)
(521, 67, 34907, 34320, 257, 21233, 1037.4798608445121)
(353, 149, 52597, 52096, 257, 4865, 250.67003541356536)
(599, 59, 35341, 34684, 257, 25237, 1230.6305082622061)
(41, 389, 15949, 15520, 257, 14433, 726.9807571439127)
(857, 877, 751589, 749856, 65537, 456353, 7.558775746035288)
(829, 293, 242897, 241776, 65537, 183041, 3.1399551365813165)
(283, 349, 98767, 98136, 65537, 87425, 1.4543089656322121)
(439, 971, 426269, 424860, 65537, 79673, 1.3655015557139354)
(433, 59, 25547, 25056, 257, 16769, 844.7330706945291)
(419, 89, 37291, 36784, 257, 15601, 789.3173730609745)
(887, 523, 463901, 462492, 65537, 438209, 7.290178629352674)
(233, 151, 35183, 34800, 257, 12593, 610.2991778585767)
(541, 311, 168251, 167400, 65537, 133073, 2.3225814535313445)
(347, 653, 226591, 225592, 65537, 36601, 0.5955115828968934)
(853, 607, 517771, 516312, 65537, 271025, 4.6056735446600054)
(167, 613, 102371, 101592, 65537, 64745, 1.1027919166275197)
(929, 787, 731123, 729408, 65537, 499457, 8.348654286801573)
(647, 349, 225803, 224808, 65537, 76985, 1.3075085856736022)
(563, 311, 175093, 174220, 65537, 93393, 1.5828639918702763)
(829, 409, 339061, 337824, 65537, 269153, 4.560388908285036)
(199, 607, 120793, 119988, 65537, 12869, 0.20451756630262746)
(617, 239, 147463, 146608, 65537, 120097, 2.077613071923959)
(47, 607, 28529, 27876, 257, 26249, 1268.1015872740904)
(823, 113, 92999, 92064, 65537, 18401, 0.2981055319336817)
(449, 821, 368629, 367360, 65537, 355073, 5.953116747212249)
(59, 41, 2419, 2320, 257, 993, 49.39439473791062)
(281, 53, 14893, 14560, 257, 1473, 72.57794931584704)
(499, 193, 96307, 95616, 65537, 22913, 0.36751460981582407)
(179, 677, 121183, 120328, 65537, 115905, 1.9964037867982571)
(43, 101, 4343, 4200, 257, 1193, 61.69980732682061)
(607, 211, 128077, 127260, 65537, 100133, 1.7258405116543105)
(829, 977, 809933, 808128, 65537, 143297, 2.475988647862693)
(937, 83, 77771, 76752, 65537, 40193, 0.6791267537991195)
(181, 137, 24797, 24480, 257, 16193, 805.0420725568023)
(419, 67, 28073, 27588, 257, 24797, 1171.7640895966013)
(977, 967, 944759, 942816, 65537, 816737, 13.325497648776922)
(199, 359, 71441, 70884, 65537, 55241, 0.939072135569924)
(941, 223, 209843, 208680, 65537, 15233, 0.2437759697247018)
(491, 499, 245009, 244020, 65537, 167333, 2.9120628114724045)
(677, 571, 386567, 385320, 65537, 283553, 4.891011751747998)
(241, 619, 149179, 148320, 65537, 107873, 1.868820520583609)
(983, 967, 950561, 948612, 65537, 702749, 11.528492378541738)
(313, 347, 108611, 107952, 65537, 79505, 1.3680259874098837)
(359, 883, 316997, 315756, 65537, 113237, 2.0100120876151126)
(773, 337, 260501, 259392, 65537, 68801, 1.182475964294429)
(569, 347, 197443, 196528, 65537, 184689, 3.2264609437706775)
(37, 953, 35261, 34272, 257, 6401, 310.8644397492461)
(647, 457, 295679, 294576, 65537, 270785, 4.660567099205762)
(31, 173, 5363, 5160, 257, 3353, 159.05926514510003)
(503, 101, 50803, 50200, 257, 25393, 1287.4076340230977)
(877, 43, 37711, 36792, 257, 13457, 675.4093387549287)
(211, 157, 33127, 32760, 257, 30593, 1499.226324953905)
(79, 653, 51587, 50856, 257, 11873, 599.338679364202)
(941, 463, 435683, 434280, 65537, 240833, 4.145671967701464)
(773, 431, 333163, 331960, 65537, 42553, 0.69302839089102)
(137, 197, 26989, 26656, 257, 2593, 124.20934398091353)
(311, 571, 177581, 176700, 65537, 133073, 2.29913997736499)
(863, 433, 373679, 372384, 65537, 208673, 3.664682993249616)
(491, 677, 332407, 331240, 65537, 256513, 4.3566452423998445)
(457, 467, 213419, 212496, 65537, 170465, 2.941174921624383)
(37, 661, 24457, 23760, 257, 13313, 671.6627943597263)
(263, 613, 161219, 160344, 65537, 34145, 0.5571427688211599)
(653, 631, 412043, 410760, 65537, 164393, 2.874348413888142)
(829, 293, 242897, 241776, 65537, 183041, 3.132279871970439)
(23, 281, 6463, 6160, 257, 5393, 260.7016183796562)
(373, 647, 241331, 240312, 65537, 232025, 3.999286327270416)
(383, 991, 379553, 378180, 65537, 335213, 5.717167809774088)
(839, 557, 467323, 465928, 65537, 138953, 2.4254396538191516)
(311, 257, 79927, 79360, 65537, 36353, 0.5915605143972564)
(103, 383, 39449, 38964, 257, 2729, 131.6427509649714)
(673, 73, 49129, 48384, 257, 6401, 339.7359632092616)
(541, 409, 221269, 220320, 65537, 48833, 0.8183974724806303)
(739, 571, 421969, 420660, 65537, 328013, 5.575072981918201)
(431, 599, 258169, 257140, 65537, 45133, 0.7556332280541749)
(787, 23, 18101, 17292, 257, 5921, 293.46183731834134)
(829, 797, 660713, 659088, 65537, 534113, 8.818562352279677)
(463, 911, 421793, 420420, 65537, 14453, 0.23374520847593336)
(971, 773, 750583, 748840, 65537, 366793, 6.178258310087488)
(587, 967, 567629, 566076, 65537, 304757, 5.163708456082811)
(137, 487, 66719, 66096, 65537, 48833, 0.7821189546251942)
(139, 571, 79369, 78660, 65537, 37313, 0.6006837897536033)
(163, 499, 81337, 80676, 65537, 49805, 0.8254647262420389)
(617, 907, 559619, 558096, 65537, 440417, 7.237640782952259)
(379, 61, 23119, 22680, 257, 353, 17.08327722998695)
(499, 491, 245009, 244020, 65537, 167333, 2.878514245762676)
(487, 479, 233273, 232308, 65537, 19673, 0.3140202504458486)
(199, 107, 21293, 20988, 257, 245, 12.063315217391303)
(701, 503, 352603, 351400, 65537, 111473, 1.916978928914581)
(907, 137, 124259, 123216, 65537, 63521, 1.0695337327942915)
(383, 47, 18001, 17572, 257, 11897, 601.3888299800459)
(617, 23, 14191, 13552, 257, 7857, 383.6839234857736)
(293, 977, 286261, 284992, 65537, 155009, 2.676062551439742)
(283, 103, 29149, 28764, 257, 10073, 504.98621675422993)
(593, 947, 561571, 560032, 65537, 128897, 2.2041868500525963)
(131, 373, 48863, 48360, 257, 27473, 1337.491360750342)
(677, 953, 645181, 643552, 65537, 142945, 2.4429912176462194)
(811, 863, 699893, 698220, 65537, 674153, 11.045849068268605)
(421, 919, 386899, 385560, 65537, 103913, 1.8079455657681838)
(251, 37, 9287, 9000, 257, 5393, 263.8200401629748)
(829, 673, 557917, 556416, 65537, 368513, 6.2333631904035265)
(73, 461, 33653, 33120, 257, 19073, 947.8529798480893)
(937, 541, 506917, 505440, 65537, 320993, 5.344874897102214)
(331, 971, 321401, 320100, 65537, 137873, 2.380982783672479)
(757, 941, 712337, 710640, 65537, 398753, 6.540800493795951)
(709, 971, 688439, 686760, 65537, 545273, 8.959861872039045)
(379, 53, 20087, 19656, 257, 10937, 542.7556956909799)
(647, 97, 62759, 62016, 257, 3137, 158.2753975816566)
(293, 389, 113977, 113296, 65537, 23025, 0.3706781628165562)
(829, 617, 511493, 510048, 65537, 322145, 5.439785630448395)
(941, 929, 874189, 872320, 65537, 436353, 7.124800717834928)
(857, 887, 760159, 758416, 65537, 367329, 6.094247780087124)
(499, 569, 283931, 282864, 65537, 253985, 4.347046888368494)
(857, 29, 24853, 23968, 257, 2145, 102.57855525672532)
(229, 107, 24503, 24168, 257, 7241, 363.4328901769492)
(647, 433, 280151, 279072, 65537, 239777, 4.1342820633345925)
(797, 349, 278153, 277008, 65537, 180689, 3.091303274589613)
(269, 29, 7801, 7504, 257, 3825, 179.50751685822092)
(883, 223, 196909, 195804, 65537, 95597, 1.6553177195288005)
(47, 881, 41407, 40480, 257, 8033, 404.59100322562153)
(59, 911, 53749, 52780, 257, 43333, 2148.7073846570192)
(569, 373, 212237, 211296, 65537, 63137, 1.083242359492303)
(97, 739, 71683, 70848, 65537, 40193, 0.6397087338156803)
(491, 769, 377579, 376320, 65537, 5633, 0.08813435039888305)
(691, 347, 239777, 238740, 65537, 44213, 0.7283048875581344)
(173, 541, 93593, 92880, 65537, 85553, 1.4683825599399503)
(709, 101, 71609, 70800, 65537, 14273, 0.22569290885887075)
(389, 373, 145097, 144336, 65537, 21473, 0.34789559237359)
(401, 293, 117493, 116800, 65537, 94273, 1.5911444688133118)
(719, 277, 199163, 198168, 65537, 12473, 0.20101825398895823)
(173, 761, 131653, 130720, 65537, 88993, 1.5085585087264584)
(881, 977, 860737, 858880, 65537, 490753, 8.166118041104337)
(251, 859, 215609, 214500, 65537, 177473, 3.084122776153257)
(103, 431, 44393, 43860, 257, 11093, 548.3670660945863)
(181, 233, 42173, 41760, 257, 33473, 1629.0289306273276)
(479, 853, 408587, 407256, 65537, 340889, 5.732952976961446)
(409, 641, 262169, 261120, 65537, 228353, 4.006430662832566)
(31, 149, 4619, 4440, 257, 1313, 61.46356467281056)
(739, 109, 80551, 79704, 65537, 31337, 0.5157717476337523)
(937, 173, 162101, 160992, 65537, 141281, 2.5164726038239293)
(479, 607, 290753, 289668, 65537, 140129, 2.3976175657123044)
(631, 103, 64993, 64260, 257, 19253, 966.9739960230357)
(491, 587, 288217, 287140, 65537, 255533, 4.403789035667449)
(563, 239, 134557, 133756, 65537, 43937, 0.7174397510991507)
(193, 383, 73919, 73344, 65537, 62465, 1.0510035403116609)
(211, 983, 207413, 206220, 65537, 125333, 2.2170160278242594)
(613, 547, 335311, 334152, 65537, 155321, 2.6689385478579815)
(379, 433, 164107, 163296, 65537, 72161, 1.2395978871603486)
(137, 503, 68911, 68272, 65537, 31153, 0.49167116189714744)
(929, 181, 168149, 167040, 65537, 120833, 2.1269244075437777)
(601, 907, 545107, 543600, 65537, 237473, 4.14999775542499)
(409, 101, 41309, 40800, 257, 16193, 791.5498004054181)
(463, 47, 21761, 21252, 257, 20177, 991.0971192301979)
(863, 307, 264941, 263772, 65537, 69029, 1.1808171103724177)
(607, 59, 35813, 35148, 257, 8069, 404.17343590114154)
(167, 859, 143453, 142428, 65537, 141437, 2.4988308952129765)
(607, 59, 35813, 35148, 257, 8069, 394.17847630166943)
(541, 557, 301337, 300240, 65537, 122273, 2.1619483430418294)
(43, 31, 1333, 1260, 257, 353, 17.097767384282577)
(787, 683, 537521, 536052, 65537, 54581, 0.9213509363535547)
(617, 109, 67253, 66528, 65537, 11681, 0.18430206254953557)
(281, 337, 94697, 94080, 65537, 5633, 0.08953300498369096)
(47, 857, 40279, 39376, 257, 2145, 103.36236315479564)
(953, 677, 645181, 643552, 65537, 142945, 2.539766099655682)
(617, 409, 252353, 251328, 65537, 78209, 1.3680665620872128)
(719, 47, 33793, 33028, 257, 28273, 1320.2767449436888)
(709, 281, 199229, 198240, 65537, 42593, 0.6928110788756596)
(269, 811, 218159, 217080, 65537, 13193, 0.22296858245991227)
(613, 641, 392933, 391680, 65537, 97793, 1.7198728805049903)
(829, 317, 262793, 261648, 65537, 14129, 0.23975097070481644)
(401, 331, 132731, 132000, 65537, 45473, 0.7484156828064256)
(97, 71, 6887, 6720, 257, 3713, 182.4201621918161)
(479, 829, 397091, 395784, 65537, 312209, 5.316857994444874)
(659, 103, 67877, 67116, 65537, 3953, 0.06056500486047006)
(23, 503, 11569, 11044, 257, 6317, 324.5448596251627)
(991, 709, 702619, 700920, 65537, 396593, 6.666847367528869)
(839, 127, 106553, 105588, 65537, 38393, 0.638969325146314)
(61, 199, 12139, 11880, 257, 1433, 70.12406093629525)
(197, 127, 25019, 24696, 257, 17489, 841.7001257009209)
(619, 541, 334879, 333720, 65537, 256193, 4.429335933078298)
(173, 127, 21971, 21672, 257, 4385, 215.20633311066558)
(673, 983, 661559, 659904, 65537, 1601, 0.02413968887105835)
(653, 787, 513911, 512472, 65537, 285665, 4.84372220763761)
(983, 647, 636001, 634372, 65537, 425825, 7.042131602668841)
(293, 839, 245827, 244696, 65537, 222753, 3.8065894586612847)
(293, 641, 187813, 186880, 65537, 164353, 2.818677944067266)
(53, 769, 40757, 39936, 257, 35585, 1707.2503436386294)
(439, 233, 102287, 101616, 65537, 42881, 0.7025412612077787)
(619, 43, 26617, 25956, 257, 101, 5.211644574292942)
(997, 271, 270187, 268920, 65537, 22913, 0.37093454878804133)
(137, 587, 80419, 79696, 65537, 12929, 0.19904280491724727)
(43, 739, 31777, 30996, 257, 3377, 162.31952698338128)
(277, 991, 274507, 273240, 65537, 194633, 3.255535539111981)
(29, 809, 23461, 22624, 257, 2817, 133.4654032618219)
(43, 523, 22489, 21924, 257, 1109, 54.40842919935069)
(797, 43, 34271, 33432, 257, 4553, 213.30877620123746)
(569, 347, 197443, 196528, 65537, 184689, 3.20308378280716)
(439, 673, 295447, 294336, 65537, 183041, 3.1998483059184153)
(59, 149, 8791, 8584, 257, 8417, 416.20831246778596)
(379, 691, 261889, 260820, 65537, 194633, 3.3555740294350174)
(107, 643, 68801, 68052, 65537, 46757, 0.7675894100260633)
(31, 947, 29357, 28380, 257, 773, 38.43410486003875)
(257, 977, 251089, 249856, 65537, 225281, 3.871230974938141)
(83, 571, 47393, 46740, 257, 34373, 1675.3890871826013)
(673, 599, 403127, 401856, 65537, 244865, 4.171018988060668)
(829, 293, 242897, 241776, 65537, 183041, 3.162156421637671)
(347, 293, 101671, 101032, 65537, 2001, 0.03009754407633348)
(97, 349, 33853, 33408, 257, 16769, 829.2691136841589)
(263, 419, 110197, 109516, 65537, 25761, 0.42766772163602135)
(607, 911, 552977, 551460, 65537, 227393, 3.9584002717168394)
(911, 131, 119341, 118300, 65537, 43573, 0.7223272039546236)
(373, 761, 283853, 282720, 65537, 274433, 4.690612254406068)
(653, 313, 204389, 203424, 65537, 4001, 0.06177677475162011)
(379, 443, 167897, 167076, 65537, 155321, 2.721467215813686)
(313, 191, 59783, 59280, 257, 14993, 755.110818654095)
(673, 419, 281987, 280896, 65537, 19073, 0.3171726218685436)
(691, 101, 69791, 69000, 65537, 12473, 0.1991476111274901)
(433, 719, 311327, 310176, 65537, 296801, 5.022997947627298)
(677, 167, 113059, 112216, 65537, 76697, 1.3450044680225788)
(467, 223, 104141, 103452, 65537, 89381, 1.5403066414151836)
(853, 269, 229457, 228336, 65537, 175601, 3.0477666150931277)
(797, 271, 215987, 214920, 65537, 32633, 0.531990496738737)
(233, 101, 23533, 23200, 257, 993, 49.85683545863313)
(367, 73, 26791, 26352, 257, 5537, 278.13125317692055)
(709, 503, 356627, 355416, 65537, 262073, 4.460526765812267)
(937, 523, 490051, 488592, 65537, 354689, 6.031077331448578)
(991, 61, 60451, 59400, 257, 25193, 1215.7037186016346)
(227, 773, 175471, 174472, 65537, 170705, 2.944528400935265)
(167, 379, 63293, 62748, 257, 51761, 2568.332026797373)
(571, 797, 455087, 453720, 65537, 438593, 7.364630342587712)
(211, 311, 65621, 65100, 257, 3293, 165.59613151680668)
(23, 809, 18607, 17776, 257, 17361, 855.7908155647146)
(751, 827, 621077, 619500, 65537, 562973, 9.29768166998066)
(887, 691, 612917, 611340, 65537, 60773, 1.0386982132210922)
(313, 487, 152431, 151632, 65537, 118817, 2.0766207939615398)
(739, 883, 652537, 650916, 65537, 217313, 3.7260793188980523)
(673, 173, 116429, 115584, 65537, 29825, 0.47920707046517996)
(173, 773, 133729, 132784, 65537, 108945, 1.880499698632309)
(797, 761, 606517, 604960, 65537, 438593, 7.289482576711549)
(163, 439, 71557, 70956, 65537, 59525, 1.010746544055539)
(613, 31, 19003, 18360, 257, 10073, 495.91362067413263)
(41, 619, 25379, 24720, 257, 8753, 438.1778197484592)
(769, 157, 120733, 119808, 65537, 10241, 0.16413932949204493)
(647, 347, 224509, 223516, 65537, 216521, 3.653389446118365)
(439, 647, 284033, 282948, 65537, 150629, 2.5988069646678404)
(107, 331, 35417, 34980, 257, 21233, 1023.9735001717597)
(499, 683, 340817, 339636, 65537, 250997, 4.294148145137954)
(317, 37, 11729, 11376, 257, 1505, 74.4182520764617)
(131, 401, 52531, 52000, 257, 51393, 2492.854046349718)
(839, 229, 192131, 191064, 65537, 159065, 2.7705538547762396)
(401, 691, 277091, 276000, 65537, 81473, 1.4180083037427569)
(281, 701, 196981, 196000, 65537, 13473, 0.21926703024470937)
(61, 383, 23363, 22920, 257, 7313, 360.2061566355852)
(359, 509, 182731, 181864, 65537, 135433, 2.3798293443999397)
(547, 113, 61811, 61152, 257, 48065, 2437.135533909386)
(457, 571, 260947, 259920, 65537, 201473, 3.49825409488719)
(71, 769, 54599, 53760, 257, 17153, 875.2283234848813)
(101, 619, 62519, 61800, 257, 58193, 2831.9292830630807)
(683, 751, 512933, 511500, 65537, 160973, 2.804934356903492)
(443, 127, 56261, 55692, 257, 53525, 2590.2665976435405)
(709, 659, 467231, 465864, 65537, 240833, 4.137114123573332)
(593, 107, 63451, 62752, 257, 35649, 1645.003583651863)
(199, 503, 100097, 99396, 65537, 12077, 0.1976169599932892)
(373, 311, 116003, 115320, 65537, 51233, 0.868613208665364)
(563, 997, 561311, 559752, 65537, 489041, 8.050811788589943)
(991, 877, 869107, 867240, 65537, 824273, 13.161346206079225)
(373, 293, 109289, 108624, 65537, 88433, 1.5241737075570712)
(349, 683, 238367, 237336, 65537, 115961, 2.0221290457710612)
(859, 151, 129709, 128700, 65537, 91673, 1.5680162205524604)
(863, 907, 782741, 780972, 65537, 141437, 2.469419233922804)
(977, 587, 573499, 571936, 65537, 547361, 8.943144894648702)
(631, 383, 241673, 240660, 65537, 25793, 0.41698705148234466)
(929, 541, 502589, 501120, 65537, 454913, 7.476390721339927)
(829, 373, 309217, 308016, 65537, 159857, 2.7465468087018765)
(647, 523, 338381, 337212, 65537, 76985, 1.3176432011156025)
(89, 991, 88199, 87120, 65537, 8513, 0.1347653521685325)
(653, 547, 357191, 355992, 65537, 54857, 0.9260593965567914)
(257, 941, 241837, 240640, 65537, 105473, 1.8276740365030026)
(491, 193, 94763, 94080, 65537, 5633, 0.08636558448420187)
(89, 211, 18779, 18480, 257, 5393, 268.9607758564804)
(439, 601, 263839, 262800, 65537, 35873, 0.5865727026350072)
(683, 727, 496541, 495132, 65537, 70949, 1.2189998211477628)
(61, 719, 43859, 43080, 257, 13913, 725.6283232312312)
(193, 241, 46513, 46080, 257, 1793, 87.2076437455849)
(829, 89, 73781, 72864, 65537, 30689, 0.5034756120352135)
