653 857 559621 558112 65537 363905 5.224451617691445
587 281 164947 164080 65537 50433 0.7200152917959285
613 601 368413 367200 65537 122273 1.7538008556301101
853 229 195337 194256 65537 15425 0.21334317248480575
743 919 682817 681156 65537 669401 9.587402474959678
41 691 28331 27600 257 24593 1082.3382523256942
769 839 645191 643584 65537 289793 4.169522731710125
727 79 57433 56628 257 16085 824.5241596006847
887 653 579211 577672 65537 23561 0.3368049717289126
397 419 166343 165528 65537 104345 1.4212080738453785
881 701 617581 616000 65537 265473 3.828375848329698
139 223 30997 30636 257 19073 811.5467060308279
727 269 195563 194568 65537 159521 2.2814162936967852
673 61 41053 40320 257 30593 1439.7090736028938
461 421 194081 193200 65537 136673 1.8643755640346253
503 59 29677 29116 257 26397 1200.2447996845644
883 617 544811 543312 65537 33857 0.48467947872759254
373 227 84671 84072 65537 75785 0.9883493215108636
509 283 144047 143256 65537 49073 0.6821674160422295
79 487 38473 37908 257 37613 1556.1802238945227
587 89 52243 51568 257 5217 275.76282630450544
983 919 903377 901476 65537 726317 10.526537799570129
509 379 192911 192024 65537 100889 1.4278809244801407
457 359 164063 163248 65537 154049 2.1336717400173475
443 101 44743 44200 257 33193 1521.6097843327345
347 373 129431 128712 65537 79505 1.0979500736466272
661 353 233333 232320 65537 124673 1.7658684545639474
433 601 260233 259200 65537 230273 3.267253723388341
227 937 212699 211536 65537 208673 2.8836971821198607
521 41 21361 20800 257 9793 461.5712828741895
433 449 194417 193536 65537 102401 1.4374165596100095
181 541 97921 97200 65537 68273 0.8924508473164936
103 467 48101 47532 257 32921 1601.2463057022037
727 787 572149 570636 65537 383129 5.492806488565686
53 907 48071 47112 257 16865 850.4373308461866
29 103 2987 2856 257 689 34.16697387983418
883 521 460043 458640 65537 358433 5.178632546976868
271 163 44173 43740 257 37613 1767.7236319901906
967 457 441919 440496 65537 414881 5.916182410519279
647 131 84757 83980 65537 56313 0.7279830042370021
449 991 444959 443520 65537 166913 2.376507619692224
947 349 330503 329208 65537 253769 3.629196159648828
677 349 236273 235248 65537 137537 1.8378713144144458
41 877 35957 35040 257 9953 484.68962745041534
449 439 197111 196224 65537 183041 2.5845070294881705
37 193 7141 6912 257 6401 318.5699448643486
191 277 52907 52440 257 21833 1091.6073647967662
257 89 22873 22528 257 16129 729.1804847538144
269 83 22327 21976 257 4361 205.65828457265155
131 347 45457 44980 257 26953 1295.672058432357
167 151 25217 24900 257 18893 850.0757546096186
461 347 159967 159160 65537 123793 1.6697915161993264
79 761 60119 59280 257 14993 754.8398229567499
491 719 353029 351820 65537 342753 4.952927590556459
379 199 75421 74844 65537 44945 0.5654348918867858
37 643 23791 23112 257 8993 412.7080885778202
283 811 229513 228420 65537 170333 2.3396026633509024
41 277 11357 11040 257 8033 387.067620418529
787 353 277811 276672 65537 71873 1.0285026748205257
359 811 291149 289980 65537 42353 0.6090130474210868
349 137 47813 47328 257 39041 1908.4277723722967
827 509 420943 419608 65537 257353 3.7146076066108202
463 541 250483 249480 65537 194633 2.7762072995302294
137 53 7261 7072 257 3137 156.65863356054956
433 827 358091 356832 65537 320129 4.624853331310693
521 709 369389 368160 65537 127553 1.842621962478328
29 211 6119 5880 257 4553 224.09019175982115
439 191 83849 83220 65537 833 0.010433179686738644
823 677 557171 555672 65537 133481 1.9358220024101818
983 709 696947 695256 65537 402257 5.81038580349377
181 677 122537 121680 65537 40193 0.5525786001951095
967 139 134413 133308 65537 119285 1.6345405839874
379 151 57229 56700 257 11693 635.5304072226129
193 503 97079 96384 65537 27137 0.3561097683167371
151 857 129407 128400 65537 45473 0.6147524981570385
389 991 385499 384120 65537 265913 3.8431914279736916
727 367 266809 265716 65537 174041 2.3969413054102295
461 83 38263 37720 257 8953 425.64306549045295
727 359 260993 259908 65537 126125 1.7926614618256316
331 157 51967 51480 257 21233 1056.5567695546679
103 859 88477 87516 65537 4157 0.055161804130183956
883 857 756731 754992 65537 718289 10.375581054675939
859 251 215609 214500 65537 177473 2.478576538184926
683 467 318961 317812 65537 23209 0.3238382514051502
313 983 307679 306384 65537 119441 1.6856629320948138
251 857 215107 214000 65537 45473 0.6343135301569631
379 587 222473 221508 65537 9413 0.13487396419252057
97 641 62177 61440 257 32513 1739.1161632567644
911 659 600349 598780 65537 332953 4.788163251089929
373 439 163747 162936 65537 88433 1.2500547862548612
647 211 136517 135660 65537 11093 0.15232644251459176
179 907 162353 161268 65537 126941 1.7971304279737716
443 599 265357 264316 65537 165929 2.363005277015381
677 67 45359 44616 257 10937 541.8958031782373
479 773 370267 369016 65537 90417 1.3039494533436335
271 787 213277 212220 65537 189773 2.6923906562835915
839 877 735803 734088 65537 712145 10.262058264402105
479 743 355897 354676 65537 197489 2.8497433539148553
307 397 121879 121176 65537 37817 0.5056312329534842
919 101 92819 91800 65537 30473 0.4018244073993894
47 877 41219 40296 257 15209 709.8528637123876
41 557 22837 22240 257 4673 226.8735196257563
227 991 224957 223740 65537 127313 1.8225259555460032
857 907 777299 775536 65537 636113 9.193458219514536
839 701 588139 586600 65537 507673 7.337007674485733
881 509 448429 447040 65537 364033 5.272846754388497
947 929 879763 877888 65537 582977 8.454697695093962
179 797 142663 141688 65537 66065 0.8963787251031203
647 619 400493 399228 65537 162257 2.3381395736078803
593 983 582919 581344 65537 205857 2.9727509862355155
79 433 34207 33696 257 8129 398.34282421149874
397 379 150463 149688 65537 44945 0.6076284827817426
563 601 338363 337200 65537 3473 0.04965083137948851
127 103 13081 12852 257 6401 314.36326442027274
983 337 331271 329952 65537 1601 0.022905760159351307
251 227 56977 56500 257 9893 536.5098576746566
991 149 147659 146520 65537 99593 1.3803911129836357
239 971 232069 230860 65537 77733 1.0918124245735594
877 479 420083 418728 65537 317945 4.578130460265491
613 389 238457 237456 65537 203057 2.8479200433722935
523 449 234827 233856 65537 54017 0.7711752463706556
547 367 200749 199836 65537 145493 2.0294942830822817
997 883 880351 878472 65537 704177 10.172527489509978
157 383 60131 59592 257 57737 2572.2853689812264
823 293 241139 240024 65537 205817 2.881168127095939
271 379 102709 102060 65537 92573 1.2450174532752012
967 31 29977 28980 257 6653 288.29316082112507
593 349 206957 206016 65537 143105 2.036732191591006
317 601 190517 189600 65537 40673 0.569602380170826
853 509 434177 432816 65537 305105 4.394694372730911
719 443 318517 317356 65537 94325 1.3531918227586344
211 661 139471 138600 65537 111473 1.5447003818792182
857 761 652177 650560 65537 541953 7.8121384746940254
397 239 94883 94248 65537 78209 1.0457199856054782
389 887 345043 343768 65537 119249 1.7118862324377495
757 983 744131 742392 65537 249065 3.4131659909047065
127 929 117983 116928 65537 54017 0.7342202777726867
751 743 557993 556500 65537 384473 5.5169120647387775
733 29 21257 20496 257 20177 919.559422001674
71 487 34577 34020 257 23033 1046.7583551444236
41 647 26527 25840 257 13473 625.9193405071527
521 181 94301 93600 65537 21473 0.2866901118488065
199 191 38009 37620 257 17273 789.6699411943939
751 263 197513 196500 65537 150473 2.130179182627989
173 829 143417 142416 65537 17441 0.23892503948769014
239 241 57599 57120 257 40673 2025.0630801192826
367 677 248459 247416 65537 174041 2.4637064126767028
167 251 41917 41500 257 18893 894.1631296947198
983 523 514109 512604 65537 461177 6.634381338842635
107 491 52537 51940 257 33953 1624.0539378392853
449 251 112699 112000 65537 41473 0.5224094696084469
839 571 479069 477660 65537 63533 0.8849778734072599
757 151 114307 113400 65537 35873 0.4592529879746997
251 211 52961 52500 257 47393 2322.1628293514427
439 953 418367 416976 65537 403793 5.766085718893585
89 773 68797 67936 65537 31745 0.376912992104087
23 857 19711 18832 257 5569 268.3021728150399
313 181 56653 56160 257 30593 1570.7712188427392
751 601 451351 450000 65537 273473 3.925731300542229
431 271 116801 116100 65537 108773 1.4760125690765493
331 613 202903 201960 65537 158993 2.199566150299291
601 307 184507 183600 65537 122273 1.727615449369783
359 89 31951 31504 257 30033 1319.4840176459913
277 569 157613 156768 65537 8609 0.11587413711703513
101 43 4343 4200 257 1193 62.272746947362194
521 811 422531 421200 65537 68273 0.9834606765021198
163 103 16789 16524 257 4565 221.9355713209465
73 359 26207 25776 257 7121 355.52191294282704
47 829 38963 38088 257 12449 578.9837436658306
661 577 381397 380160 65537 40193 0.5680468044602167
101 83 8383 8200 257 2393 118.26535530594875
421 751 316171 315000 65537 48473 0.6922377567236477
461 109 50249 49680 257 2513 138.04297321693258
521 491 255811 254800 65537 52673 0.7406509348407518
331 467 154577 153780 65537 94973 1.2986166910209505
509 79 40211 39624 257 24977 1137.7296248469906
373 827 308471 307272 65537 92153 1.3323082165927986
211 521 109931 109200 65537 52673 0.6946636929856602
307 907 278449 277236 65537 63521 0.9088048854738275
139 149 20711 20424 257 19073 865.7955348937334
23 907 20861 19932 257 9617 456.95869282952196
283 709 200647 199656 65537 107729 1.5287383594808133
997 811 808567 806760 65537 291833 4.228926444049686
619 877 542863 541368 65537 41129 0.57774566